n 14 
l 8 
m 22 
Q 466 1169 776 575 505 1000 687 618 594 1135 1045 1130 573 1006 757 792 448 635 610 762 548 878 
w 
7 9 9 9 9 5 6 5 
8 7 8 6 6 9 10 9 
5 6 9 6 5 7 9 10 
8 6 9 9 7 5 7 8 
7 7 9 5 9 10 10 10 
5 7 5 5 6 7 10 10 
9 5 6 10 7 9 7 5 
7 9 9 5 6 6 7 7 
8 5 9 10 8 9 9 8 
9 9 5 7 7 8 10 5 
10 10 9 5 10 5 9 10 
5 7 7 10 8 5 6 5 
6 6 8 5 8 6 7 6 
7 6 10 7 10 10 10 5 
t 444 455 385 437 364 429 461 405 
q 
17 25 29 27 19 6 16 13 8 24 13 16 6 21 24 26 10 5 21 28 21 29 
8 18 7 8 8 29 20 10 28 14 12 6 16 8 10 13 7 11 23 12 27 10 
19 28 27 22 19 27 28 19 14 29 30 18 6 25 21 29 28 20 13 27 26 24 
6 21 14 14 7 22 25 30 16 30 17 9 22 7 26 8 10 25 24 23 17 14 
6 16 14 9 21 16 22 19 17 10 5 16 12 30 19 21 22 19 26 13 26 18 
5 27 26 13 27 24 29 20 29 11 20 21 25 6 30 14 7 8 11 5 16 21 
9 12 13 26 8 21 24 14 24 24 20 28 18 10 24 27 17 14 6 27 18 10 
13 24 7 26 29 12 5 5 12 14 15 21 16 23 12 19 17 6 12 16 9 22 
21 16 29 26 11 21 24 9 11 16 14 10 28 27 9 17 24 22 9 21 10 9 
13 8 22 8 15 13 14 28 24 26 7 18 13 12 7 12 13 24 20 10 27 20 
25 14 5 16 20 16 5 21 22 17 20 21 30 18 17 29 13 21 7 16 30 6 
17 16 14 28 23 11 9 22 19 25 25 11 17 17 28 16 30 15 24 25 6 27 
26 13 13 22 13 11 5 18 7 18 23 17 10 25 25 21 30 15 26 7 8 10 
5 17 11 15 28 26 9 28 6 28 10 27 30 17 10 8 11 28 22 28 22 7 
c 1891 4401 1995 4344 1862 903 4031 2897 1630 3119 2320 3401 4880 3911 
p 1863 671 1635 4140 1189 433 3720 2512 685 1065 1682 320 1919 864 
u 2 2 2 4 2 3 3 4 3 2 3 2 3 2 
P 13281 
s 8 
e 7 
